{
  "advancedEditorSelectedIdentifier" : "BehaviorsPluginID",
  "openSceneRelativePaths" : [
    "PortalTriangleScene.usda",
    "FlowerBloomingScene.usda",
    "Untitled Scene.usda"
  ],
  "recentIdentifiers" : {
    "1069B907-A010-411E-9036-FADDACDB7909" : [

    ],
    "6147370C-A99E-4522-9832-EC4184CBE781" : [

    ],
    "C505A595-01E2-413C-A603-FBBB6EC68B97" : [

    ]
  },
  "sceneCameraHistory" : {
    "1069B907-A010-411E-9036-FADDACDB7909" : [
      {
        "date" : 785211896.426619,
        "title" : "Untitled",
        "transform" : [
          0.58270454,
          2.9393794e-09,
          0.8126841,
          0,
          0.33951262,
          0.9085542,
          -0.24343486,
          0,
          -0.7383675,
          0.41776717,
          0.5294186,
          0,
          -1.0250025,
          5.840886,
          2.278144,
          1
        ]
      },
      {
        "date" : 785208021.432368,
        "title" : "Untitled",
        "transform" : [
          0.58270454,
          2.9393794e-09,
          0.8126841,
          0,
          0.33951262,
          0.9085542,
          -0.24343486,
          0,
          -0.7383675,
          0.41776717,
          0.5294186,
          0,
          -0.84060097,
          5.32767,
          2.9403088,
          1
        ]
      },
      {
        "date" : 785208005.195669,
        "title" : "Untitled",
        "transform" : [
          0.41198748,
          1.7197522e-09,
          0.91118944,
          0,
          0.37164974,
          0.9130386,
          -0.16803879,
          0,
          -0.8319511,
          0.4078733,
          0.3761604,
          0,
          -2.03405,
          5.201495,
          0.98583937,
          1
        ]
      },
      {
        "date" : 785207965.894437,
        "title" : "Untitled",
        "transform" : [
          0.41198748,
          1.7197522e-09,
          0.91118944,
          0,
          0.37164974,
          0.9130386,
          -0.16803879,
          0,
          -0.8319511,
          0.4078733,
          0.3761604,
          0,
          -0.48954296,
          7.0712967,
          2.3743787,
          1
        ]
      },
      {
        "date" : 785207948.030437,
        "title" : "Untitled",
        "transform" : [
          -0.35678956,
          1.4164054e-09,
          0.93418473,
          0,
          0.45868647,
          0.87115854,
          0.17518422,
          0,
          -0.813823,
          0.49100187,
          -0.31082034,
          0,
          -1.8029642,
          5.6450706,
          -0.70199966,
          1
        ]
      },
      {
        "date" : 785207911.188113,
        "title" : "Untitled",
        "transform" : [
          -0.35678956,
          1.4164054e-09,
          0.93418473,
          0,
          0.45868647,
          0.87115854,
          0.17518422,
          0,
          -0.813823,
          0.49100187,
          -0.31082034,
          0,
          -1.4508715,
          5.93498,
          -1.1659145,
          1
        ]
      },
      {
        "date" : 785207907.194922,
        "title" : "Untitled",
        "transform" : [
          -0.35678956,
          1.4164054e-09,
          0.93418473,
          0,
          0.45868647,
          0.87115854,
          0.17518422,
          0,
          -0.813823,
          0.49100187,
          -0.31082034,
          0,
          -1.9594688,
          5.4271927,
          -0.6364033,
          1
        ]
      },
      {
        "date" : 785207872.300963,
        "title" : "Untitled",
        "transform" : [
          -0.3506234,
          1.392068e-09,
          0.9365165,
          0,
          0.4729949,
          0.86308557,
          0.17708495,
          0,
          -0.8082938,
          0.5050577,
          -0.30261812,
          0,
          -1.8983536,
          5.5825567,
          -0.5457413,
          1
        ]
      },
      {
        "date" : 785207863.601019,
        "title" : "Untitled",
        "transform" : [
          -0.3506234,
          1.392068e-09,
          0.9365165,
          0,
          0.4729949,
          0.86308557,
          0.17708495,
          0,
          -0.8082938,
          0.5050577,
          -0.30261812,
          0,
          -1.9663644,
          5.5624948,
          -0.39756656,
          1
        ]
      },
      {
        "date" : 785207859.851805,
        "title" : "Untitled",
        "transform" : [
          -0.3506234,
          1.392068e-09,
          0.9365165,
          0,
          0.4729949,
          0.86308557,
          0.17708495,
          0,
          -0.8082938,
          0.5050577,
          -0.30261812,
          0,
          -1.9208364,
          5.741737,
          -0.73484564,
          1
        ]
      }
    ],
    "6147370C-A99E-4522-9832-EC4184CBE781" : [
      {
        "date" : 785127545.121927,
        "title" : "Untitled",
        "transform" : [
          0.91642743,
          3.0732334e-08,
          0.40020078,
          0,
          0.21360901,
          0.8456394,
          -0.48914737,
          0,
          -0.33842555,
          0.5337546,
          0.7749672,
          0,
          0.117624044,
          4.511441,
          4.9382787,
          1
        ]
      },
      {
        "date" : 785126737.120912,
        "title" : "Untitled",
        "transform" : [
          0.91642743,
          3.0732334e-08,
          0.40020078,
          0,
          0.21360901,
          0.8456394,
          -0.48914737,
          0,
          -0.33842555,
          0.5337546,
          0.7749672,
          0,
          1.3332114,
          4.0373626,
          3.46637,
          1
        ]
      },
      {
        "date" : 785126730.962656,
        "title" : "Untitled",
        "transform" : [
          0.91642743,
          3.0732334e-08,
          0.40020078,
          0,
          0.21360901,
          0.8456394,
          -0.48914737,
          0,
          -0.33842555,
          0.5337546,
          0.7749672,
          0,
          0.71788025,
          3.9933038,
          3.2280025,
          1
        ]
      },
      {
        "date" : 785126563.950467,
        "title" : "Untitled",
        "transform" : [
          0.91642743,
          3.0732334e-08,
          0.40020078,
          0,
          0.21360901,
          0.8456394,
          -0.48914737,
          0,
          -0.33842555,
          0.5337546,
          0.7749672,
          0,
          1.5275946,
          3.7986836,
          5.544293,
          1
        ]
      },
      {
        "date" : 785126552.884311,
        "title" : "Untitled",
        "transform" : [
          0.91642755,
          3.0732338e-08,
          0.40020084,
          0,
          0.21360901,
          0.8456394,
          -0.48914737,
          0,
          -0.33842555,
          0.5337546,
          0.7749672,
          0,
          1.551316,
          3.7512367,
          4.385111,
          1
        ]
      },
      {
        "date" : 785126546.764216,
        "title" : "Untitled",
        "transform" : [
          0.89023566,
          2.8290348e-08,
          0.45550027,
          0,
          0.1241056,
          0.9621671,
          -0.24255365,
          0,
          -0.4382673,
          0.27246004,
          0.85655546,
          0,
          -0.31287813,
          3.449768,
          3.2211928,
          1
        ]
      },
      {
        "date" : 785126542.233769,
        "title" : "Untitled",
        "transform" : [
          0.89023566,
          2.8290348e-08,
          0.45550027,
          0,
          0.1241056,
          0.9621671,
          -0.24255365,
          0,
          -0.4382673,
          0.27246004,
          0.85655546,
          0,
          -0.9949831,
          2.137961,
          3.289455,
          1
        ]
      },
      {
        "date" : 785126532.092249,
        "title" : "Untitled",
        "transform" : [
          0.89023566,
          2.8290348e-08,
          0.45550027,
          0,
          0.1241056,
          0.9621671,
          -0.24255365,
          0,
          -0.4382673,
          0.27246004,
          0.85655546,
          0,
          -1.0757897,
          2.2240582,
          3.220723,
          1
        ]
      },
      {
        "date" : 785126519.402102,
        "title" : "Untitled",
        "transform" : [
          0.89023566,
          2.8290348e-08,
          0.45550027,
          0,
          0.1241056,
          0.9621671,
          -0.24255365,
          0,
          -0.4382673,
          0.27246004,
          0.85655546,
          0,
          -1.3451006,
          2.510307,
          2.9918745,
          1
        ]
      },
      {
        "date" : 785126502.063258,
        "title" : "Untitled",
        "transform" : [
          0.89023566,
          2.8290348e-08,
          0.45550027,
          0,
          0.1241056,
          0.9621671,
          -0.24255365,
          0,
          -0.4382673,
          0.27246004,
          0.85655546,
          0,
          -0.23412442,
          2.2687974,
          3.6371403,
          1
        ]
      }
    ],
    "C505A595-01E2-413C-A603-FBBB6EC68B97" : [
      {
        "date" : 785207591.064417,
        "title" : "Untitled",
        "transform" : [
          0.9926428,
          -7.64091e-11,
          -0.12107926,
          0,
          -0.08528147,
          0.70985824,
          -0.6991626,
          0,
          0.085949086,
          0.70434463,
          0.70463574,
          0,
          0.4698332,
          4.3224797,
          3.0409255,
          1
        ]
      },
      {
        "date" : 785207521.651943,
        "title" : "Untitled",
        "transform" : [
          0.9926428,
          -7.64091e-11,
          -0.12107926,
          0,
          -0.08528147,
          0.70985824,
          -0.6991626,
          0,
          0.085949086,
          0.70434463,
          0.70463574,
          0,
          -0.022541195,
          2.8106713,
          1.6710064,
          1
        ]
      },
      {
        "date" : 785207519.646773,
        "title" : "Untitled",
        "transform" : [
          0.9926428,
          -7.64091e-11,
          -0.12107926,
          0,
          -0.08528147,
          0.70985824,
          -0.6991626,
          0,
          0.085949086,
          0.70434463,
          0.70463574,
          0,
          -0.16674054,
          2.7050798,
          1.7941436,
          1
        ]
      },
      {
        "date" : 785207009.272419,
        "title" : "Untitled",
        "transform" : [
          0.9926428,
          -7.64091e-11,
          -0.12107926,
          0,
          -0.08528147,
          0.70985824,
          -0.6991626,
          0,
          0.085949086,
          0.70434463,
          0.70463574,
          0,
          -0.8223864,
          1.6375647,
          0.5253507,
          1
        ]
      },
      {
        "date" : 785206149.911982,
        "title" : "Untitled",
        "transform" : [
          0.9926428,
          -7.64091e-11,
          -0.12107926,
          0,
          -0.08528147,
          0.70985824,
          -0.6991626,
          0,
          0.085949086,
          0.70434463,
          0.70463574,
          0,
          -0.5501454,
          3.5206745,
          2.8212962,
          1
        ]
      },
      {
        "date" : 785206129.605144,
        "title" : "Untitled",
        "transform" : [
          0.9926428,
          -7.64091e-11,
          -0.12107926,
          0,
          -0.08528147,
          0.70985824,
          -0.6991626,
          0,
          0.085949086,
          0.70434463,
          0.70463574,
          0,
          -0.9521261,
          2.915673,
          2.268585,
          1
        ]
      },
      {
        "date" : 785206126.314283,
        "title" : "Untitled",
        "transform" : [
          0.9926428,
          -7.64091e-11,
          -0.12107926,
          0,
          -0.08528147,
          0.70985824,
          -0.6991626,
          0,
          0.085949086,
          0.70434463,
          0.70463574,
          0,
          -1.2694743,
          5.3756857,
          6.316323,
          1
        ]
      },
      {
        "date" : 785206115.564665,
        "title" : "Untitled",
        "transform" : [
          0.9926428,
          -7.64091e-11,
          -0.12107926,
          0,
          -0.08528147,
          0.70985824,
          -0.6991626,
          0,
          0.085949086,
          0.70434463,
          0.70463574,
          0,
          -1.4829547,
          2.6455913,
          2.4703608,
          1
        ]
      },
      {
        "date" : 785206110.312091,
        "title" : "Untitled",
        "transform" : [
          0.9926428,
          -7.64091e-11,
          -0.12107926,
          0,
          -0.08528147,
          0.70985824,
          -0.6991626,
          0,
          0.085949086,
          0.70434463,
          0.70463574,
          0,
          -1.2956648,
          2.740305,
          2.3528414,
          1
        ]
      },
      {
        "date" : 785206107.66894,
        "title" : "Untitled",
        "transform" : [
          0.9926428,
          -7.64091e-11,
          -0.12107926,
          0,
          -0.08528147,
          0.70985824,
          -0.6991626,
          0,
          0.085949086,
          0.70434463,
          0.70463574,
          0,
          -0.9595077,
          3.7440603,
          3.3413494,
          1
        ]
      }
    ]
  },
  "sceneViewportBackgroundColors" : {

  },
  "selectedSceneRelativePath" : "Untitled Scene.usda"
}