{
  "advancedEditorSelectedIdentifier" : "BehaviorsPluginID",
  "openSceneRelativePaths" : [
    "PortalTriangleScene.usda",
    "FlowerBloomingScene.usda",
    "MyosotisBloomingScene.usda"
  ],
  "recentIdentifiers" : {
    "1069B907-A010-411E-9036-FADDACDB7909" : [

    ],
    "6147370C-A99E-4522-9832-EC4184CBE781" : [

    ],
    "C505A595-01E2-413C-A603-FBBB6EC68B97" : [

    ],
    "D3A9B1CA-8787-407E-98C0-DB9874DE90B8" : [

    ]
  },
  "sceneCameraHistory" : {
    "1069B907-A010-411E-9036-FADDACDB7909" : [
      {
        "date" : 786274386.944546,
        "title" : "Untitled",
        "transform" : [
          0.58270454,
          2.9393794e-09,
          0.8126841,
          0,
          0.33951262,
          0.9085542,
          -0.24343486,
          0,
          -0.7383675,
          0.41776717,
          0.5294186,
          0,
          -9.458889,
          13.698061,
          6.9020863,
          1
        ]
      },
      {
        "date" : 785211896.426619,
        "title" : "Untitled",
        "transform" : [
          0.58270454,
          2.9393794e-09,
          0.8126841,
          0,
          0.33951262,
          0.9085542,
          -0.24343486,
          0,
          -0.7383675,
          0.41776717,
          0.5294186,
          0,
          -1.0250025,
          5.840886,
          2.278144,
          1
        ]
      },
      {
        "date" : 785208021.432368,
        "title" : "Untitled",
        "transform" : [
          0.58270454,
          2.9393794e-09,
          0.8126841,
          0,
          0.33951262,
          0.9085542,
          -0.24343486,
          0,
          -0.7383675,
          0.41776717,
          0.5294186,
          0,
          -0.84060097,
          5.32767,
          2.9403088,
          1
        ]
      },
      {
        "date" : 785208005.195669,
        "title" : "Untitled",
        "transform" : [
          0.41198748,
          1.7197522e-09,
          0.91118944,
          0,
          0.37164974,
          0.9130386,
          -0.16803879,
          0,
          -0.8319511,
          0.4078733,
          0.3761604,
          0,
          -2.03405,
          5.201495,
          0.98583937,
          1
        ]
      },
      {
        "date" : 785207965.894437,
        "title" : "Untitled",
        "transform" : [
          0.41198748,
          1.7197522e-09,
          0.91118944,
          0,
          0.37164974,
          0.9130386,
          -0.16803879,
          0,
          -0.8319511,
          0.4078733,
          0.3761604,
          0,
          -0.48954296,
          7.0712967,
          2.3743787,
          1
        ]
      },
      {
        "date" : 785207948.030437,
        "title" : "Untitled",
        "transform" : [
          -0.35678956,
          1.4164054e-09,
          0.93418473,
          0,
          0.45868647,
          0.87115854,
          0.17518422,
          0,
          -0.813823,
          0.49100187,
          -0.31082034,
          0,
          -1.8029642,
          5.6450706,
          -0.70199966,
          1
        ]
      },
      {
        "date" : 785207911.188113,
        "title" : "Untitled",
        "transform" : [
          -0.35678956,
          1.4164054e-09,
          0.93418473,
          0,
          0.45868647,
          0.87115854,
          0.17518422,
          0,
          -0.813823,
          0.49100187,
          -0.31082034,
          0,
          -1.4508715,
          5.93498,
          -1.1659145,
          1
        ]
      },
      {
        "date" : 785207907.194922,
        "title" : "Untitled",
        "transform" : [
          -0.35678956,
          1.4164054e-09,
          0.93418473,
          0,
          0.45868647,
          0.87115854,
          0.17518422,
          0,
          -0.813823,
          0.49100187,
          -0.31082034,
          0,
          -1.9594688,
          5.4271927,
          -0.6364033,
          1
        ]
      },
      {
        "date" : 785207872.300963,
        "title" : "Untitled",
        "transform" : [
          -0.3506234,
          1.392068e-09,
          0.9365165,
          0,
          0.4729949,
          0.86308557,
          0.17708495,
          0,
          -0.8082938,
          0.5050577,
          -0.30261812,
          0,
          -1.8983536,
          5.5825567,
          -0.5457413,
          1
        ]
      },
      {
        "date" : 785207863.601019,
        "title" : "Untitled",
        "transform" : [
          -0.3506234,
          1.392068e-09,
          0.9365165,
          0,
          0.4729949,
          0.86308557,
          0.17708495,
          0,
          -0.8082938,
          0.5050577,
          -0.30261812,
          0,
          -1.9663644,
          5.5624948,
          -0.39756656,
          1
        ]
      }
    ],
    "6147370C-A99E-4522-9832-EC4184CBE781" : [
      {
        "date" : 786267753.801391,
        "title" : "Untitled",
        "transform" : [
          -0.44128862,
          -0.0006702873,
          0.89736503,
          0,
          0.510605,
          0.8221465,
          0.25170955,
          0,
          -0.73793405,
          0.56927586,
          -0.36246145,
          0,
          -3.1111066,
          5.7141085,
          -1.2435322,
          1
        ]
      },
      {
        "date" : 786241854.805214,
        "title" : "Untitled",
        "transform" : [
          -0.44128862,
          -0.0006702873,
          0.89736503,
          0,
          0.510605,
          0.8221465,
          0.25170955,
          0,
          -0.73793405,
          0.56927586,
          -0.36246145,
          0,
          -0.49431098,
          1.5005562,
          -0.80677164,
          1
        ]
      },
      {
        "date" : 786241847.822899,
        "title" : "Untitled",
        "transform" : [
          -0.3141417,
          -0.0006702665,
          0.94937587,
          0,
          0.5082883,
          0.84448475,
          0.1687853,
          0,
          -0.80184644,
          0.53557944,
          -0.26494706,
          0,
          -1.127064,
          1.8364515,
          -0.80558044,
          1
        ]
      },
      {
        "date" : 786241790.270713,
        "title" : "Untitled",
        "transform" : [
          -0.3141417,
          -0.0006702665,
          0.94937587,
          0,
          0.5082883,
          0.84448475,
          0.1687853,
          0,
          -0.80184644,
          0.53557944,
          -0.26494706,
          0,
          0.5097585,
          0.85170454,
          -0.9196068,
          1
        ]
      },
      {
        "date" : 786241744.04266,
        "title" : "Untitled",
        "transform" : [
          0.9987588,
          -0.00067026535,
          0.049803995,
          0,
          0.024196848,
          0.8805226,
          -0.4733861,
          0,
          -0.043536205,
          0.47400388,
          0.87944585,
          0,
          0.18178764,
          0.35561502,
          2.0231717,
          1
        ]
      },
      {
        "date" : 786241740.222672,
        "title" : "Untitled",
        "transform" : [
          0.9987588,
          -0.00067026535,
          0.049803995,
          0,
          0.024196848,
          0.8805226,
          -0.4733861,
          0,
          -0.043536205,
          0.47400388,
          0.87944585,
          0,
          0.202211,
          0.13326015,
          1.6106279,
          1
        ]
      },
      {
        "date" : 786241737.07267,
        "title" : "Untitled",
        "transform" : [
          0.9987588,
          -0.00067026535,
          0.049803995,
          0,
          0.024196848,
          0.8805226,
          -0.4733861,
          0,
          -0.043536205,
          0.47400388,
          0.87944585,
          0,
          0.10310583,
          0.65107304,
          2.617769,
          1
        ]
      },
      {
        "date" : 786241734.19803,
        "title" : "Untitled",
        "transform" : [
          0.9987588,
          -0.00067026535,
          0.049803995,
          0,
          0.024196848,
          0.8805226,
          -0.4733861,
          0,
          -0.043536205,
          0.47400388,
          0.87944585,
          0,
          0.25130898,
          1.0926329,
          3.4107206,
          1
        ]
      },
      {
        "date" : 786241732.059636,
        "title" : "Untitled",
        "transform" : [
          0.9987588,
          -0.00067026535,
          0.049803995,
          0,
          0.024196848,
          0.8805226,
          -0.4733861,
          0,
          -0.043536205,
          0.47400388,
          0.87944585,
          0,
          0.68737996,
          0.8270991,
          3.5754251,
          1
        ]
      },
      {
        "date" : 786241725.315267,
        "title" : "Untitled",
        "transform" : [
          0.9987588,
          -0.00067026535,
          0.049803995,
          0,
          0.024196848,
          0.8805226,
          -0.4733861,
          0,
          -0.043536205,
          0.47400388,
          0.87944585,
          0,
          -0.3721329,
          2.5907567,
          5.095707,
          1
        ]
      }
    ],
    "C505A595-01E2-413C-A603-FBBB6EC68B97" : [
      {
        "date" : 786274627.343027,
        "title" : "Untitled",
        "transform" : [
          0.18199763,
          -3.9446324e-08,
          -0.983299,
          0,
          -0.78096783,
          0.6076141,
          -0.14454857,
          0,
          0.59746623,
          0.79423237,
          0.11058435,
          0,
          3.5146194,
          3.9309678,
          -0.48868906,
          1
        ]
      },
      {
        "date" : 786274624.264769,
        "title" : "Untitled",
        "transform" : [
          0.18199763,
          -3.9446324e-08,
          -0.983299,
          0,
          -0.78096783,
          0.6076141,
          -0.14454857,
          0,
          0.59746623,
          0.79423237,
          0.11058435,
          0,
          3.2501287,
          4.16389,
          -0.73257375,
          1
        ]
      },
      {
        "date" : 786274587.401155,
        "title" : "Untitled",
        "transform" : [
          0.18199763,
          -3.9446324e-08,
          -0.983299,
          0,
          -0.78096783,
          0.6076141,
          -0.14454857,
          0,
          0.59746623,
          0.79423237,
          0.11058435,
          0,
          2.237513,
          3.5127704,
          -0.13061652,
          1
        ]
      },
      {
        "date" : 786274552.086367,
        "title" : "Untitled",
        "transform" : [
          0.18199763,
          -3.9446324e-08,
          -0.983299,
          0,
          -0.78096783,
          0.6076141,
          -0.14454857,
          0,
          0.59746623,
          0.79423237,
          0.11058435,
          0,
          1.867214,
          3.0205202,
          -0.19915527,
          1
        ]
      },
      {
        "date" : 786274489.64979,
        "title" : "Untitled",
        "transform" : [
          0.31507754,
          -3.003821e-08,
          -0.9490659,
          0,
          -0.3268769,
          0.9388158,
          -0.108519055,
          0,
          0.890998,
          0.34441966,
          0.29579982,
          0,
          1.1930401,
          0.8812003,
          0.7154578,
          1
        ]
      },
      {
        "date" : 786274482.588312,
        "title" : "Untitled",
        "transform" : [
          0.72299826,
          -2.624416e-08,
          -0.69084984,
          0,
          -0.0576912,
          0.99650717,
          -0.060375996,
          0,
          0.68843675,
          0.08350774,
          0.720473,
          0,
          1.7057319,
          0.114544705,
          1.6341594,
          1
        ]
      },
      {
        "date" : 786274446.203142,
        "title" : "Untitled",
        "transform" : [
          0.9926428,
          -7.64091e-11,
          -0.12107926,
          0,
          -0.08528147,
          0.70985824,
          -0.6991626,
          0,
          0.085949086,
          0.70434463,
          0.70463574,
          0,
          -0.09296548,
          2.0076056,
          1.9117959,
          1
        ]
      },
      {
        "date" : 785207591.064417,
        "title" : "Untitled",
        "transform" : [
          0.9926428,
          -7.64091e-11,
          -0.12107926,
          0,
          -0.08528147,
          0.70985824,
          -0.6991626,
          0,
          0.085949086,
          0.70434463,
          0.70463574,
          0,
          0.4698332,
          4.3224797,
          3.0409255,
          1
        ]
      },
      {
        "date" : 785207521.651943,
        "title" : "Untitled",
        "transform" : [
          0.9926428,
          -7.64091e-11,
          -0.12107926,
          0,
          -0.08528147,
          0.70985824,
          -0.6991626,
          0,
          0.085949086,
          0.70434463,
          0.70463574,
          0,
          -0.022541195,
          2.8106713,
          1.6710064,
          1
        ]
      },
      {
        "date" : 785207519.646773,
        "title" : "Untitled",
        "transform" : [
          0.9926428,
          -7.64091e-11,
          -0.12107926,
          0,
          -0.08528147,
          0.70985824,
          -0.6991626,
          0,
          0.085949086,
          0.70434463,
          0.70463574,
          0,
          -0.16674054,
          2.7050798,
          1.7941436,
          1
        ]
      }
    ],
    "D3A9B1CA-8787-407E-98C0-DB9874DE90B8" : [
      {
        "date" : 786275638.534983,
        "title" : "Untitled",
        "transform" : [
          0.8820658,
          -1.1373684e-09,
          -0.4711264,
          0,
          -0.32924485,
          0.715272,
          -0.61642826,
          0,
          0.3369835,
          0.6988461,
          0.63091695,
          0,
          1.4882789,
          2.2754629,
          2.9726362,
          1
        ]
      },
      {
        "date" : 786275636.762829,
        "title" : "Untitled",
        "transform" : [
          0.8820658,
          -1.1373684e-09,
          -0.4711264,
          0,
          -0.32924485,
          0.715272,
          -0.61642826,
          0,
          0.3369835,
          0.6988461,
          0.63091695,
          0,
          2.0445828,
          2.4942887,
          2.433119,
          1
        ]
      },
      {
        "date" : 786275332.431537,
        "title" : "Untitled",
        "transform" : [
          0.9978423,
          2.5541227e-10,
          0.06565647,
          0,
          0.037735205,
          0.8183382,
          -0.5734969,
          0,
          -0.05372921,
          0.57473695,
          0.8165725,
          0,
          -0.37923694,
          2.031378,
          3.4036498,
          1
        ]
      },
      {
        "date" : 786275058.501536,
        "title" : "Untitled",
        "transform" : [
          0.9978423,
          2.5541227e-10,
          0.06565647,
          0,
          0.037735205,
          0.8183382,
          -0.5734969,
          0,
          -0.05372921,
          0.57473695,
          0.8165725,
          0,
          -0.18428977,
          1.8806417,
          2.670944,
          1
        ]
      },
      {
        "date" : 786275045.840979,
        "title" : "Untitled",
        "transform" : [
          0.99999607,
          5.728289e-10,
          -0.0027868084,
          0,
          -0.0019484573,
          0.71494913,
          -0.6991738,
          0,
          0.0019924107,
          0.69917655,
          0.7149463,
          0,
          -0.21360385,
          2.106796,
          2.546328,
          1
        ]
      },
      {
        "date" : 786275019.623842,
        "title" : "Untitled",
        "transform" : [
          0.99999607,
          5.728289e-10,
          -0.0027868084,
          0,
          -0.0019484573,
          0.71494913,
          -0.6991738,
          0,
          0.0019924107,
          0.69917655,
          0.7149463,
          0,
          0.8865721,
          1.9558287,
          2.6908996,
          1
        ]
      },
      {
        "date" : 786275017.14186,
        "title" : "Untitled",
        "transform" : [
          0.99999607,
          5.728289e-10,
          -0.0027868084,
          0,
          -0.0019484573,
          0.71494913,
          -0.6991738,
          0,
          0.0019924107,
          0.69917655,
          0.7149463,
          0,
          -0.52707124,
          2.6563447,
          2.0097744,
          1
        ]
      },
      {
        "date" : 786275008.399877,
        "title" : "Untitled",
        "transform" : [
          0.99999607,
          5.728289e-10,
          -0.0027868084,
          0,
          -0.0019484573,
          0.71494913,
          -0.6991738,
          0,
          0.0019924107,
          0.69917655,
          0.7149463,
          0,
          0.5181346,
          2.0916398,
          0.0942595,
          1
        ]
      },
      {
        "date" : 786274966.784724,
        "title" : "Untitled",
        "transform" : [
          0.99999607,
          5.728289e-10,
          -0.0027868084,
          0,
          -0.0019484573,
          0.71494913,
          -0.6991738,
          0,
          0.0019924107,
          0.69917655,
          0.7149463,
          0,
          -0.9432409,
          2.0244207,
          0.1640675,
          1
        ]
      },
      {
        "date" : 786274617.945772,
        "title" : "Untitled",
        "transform" : [
          0.99999607,
          5.728289e-10,
          -0.0027868084,
          0,
          -0.0019484573,
          0.71494913,
          -0.6991738,
          0,
          0.0019924107,
          0.69917655,
          0.7149463,
          0,
          -0.19231763,
          2.9317884,
          3.0043724,
          1
        ]
      }
    ]
  },
  "sceneViewportBackgroundColors" : {

  },
  "selectedSceneRelativePath" : "MyosotisBloomingScene.usda"
}